 1191.890202,  56.850882
 1202.992439,  63.318848 
 1251.177332,  97.576252 
 1290.494167,  138.239738
 1316.046031,  169.077405
 1330.852813,  194.235056
 1352.380307,  230.361399
 1373.278949,  266.815964
 1365.819934,  315.499247
 1390.200345,  325.761950
 1396.257962,  335.514097
 1405.251032,  398.074500
 1408.272274,  490.640574
 1399.518749,  559.419796
 1375.738192,  633.170436
 1354.890642,  687.140494
 1344.181910,  709.254771
 1329.239047,  730.149767
 1291.598685,  783.886493
 1272.002922,  811.988798
 1236.409267,  850.083598
 1193.330425,  883.423782
 1135.603540,  921.829060
 1124.718146,  930.230122
 1058.339563,  953.948848
 1014.500301,  962.635142
 989.403974,   965.784117
 891.826663,   971.813619
 848.007368,   963.767163 
 
 